1,-8.94427
2,12.6491
3,-15.4919
4,17.8885
5,-20
6,21.9089
8,-25.2982
9,26.8328
10,-28.2843
11,29.6648
13,-32.249
14,33.4664
15,-34.641
16,35.7771
18,-37.9473
19,38.9872
20,-40
21,40.9878
23,-42.8952
24,43.8178
25,-44.7214
26,45.607
28,-47.3286
29,48.1664
30,-48.9898
31,49.7996
33,-51.3809
34,52.1536
35,-52.915
36,53.6656
38,-55.1362
39,55.857
40,-56.5685
41,57.2713
43,-58.6515
44,59.3296
45,-60
46,60.663
48,-61.9677
49,62.6099
50,-63.2456
51,63.8749
53,-65.1153
54,65.7267
55,-66.3325
56,66.9328
58,-68.1175
59,68.7023
60,-69.282
61,69.857
63,-70.993
64,71.5542
65,-72.111
66,72.6636
68,-73.7564
69,74.2967
70,-74.8331
71,75.3658
73,-76.4199
74,76.9415
75,-77.4597
76,77.9744
78,-78.9937
79,79.4984
80,-80
