0,13
0,16
0,19
0,22
0,25
0,28
0,31
0,34
0,37
0,4
0,40
0,7
2,10
2,12
2,14
2,16
2,21
2,23
2,25
2,27
2,34
5,20
5,8
6,42
8,17
8,28
9,10
9,21
11,18
12,17
12,28
12,5
15,17
15,28
15,8
18,34
25,10
25,12
25,14
25,16
25,25
25,27
25,29
25,31
25,6
28,19
28,21
28,34
31,17
31,32
32,10
32,25
34,18
34,33
35,17
35,32
38,17
38,19
38,21
38,32
38,34
40,6
48,10
48,12
48,13
48,14
48,21
48,23
48,24
48,25
48,28
48,35
51,18
51,8
55,12
55,23
57,11
57,16
57,22
58,5
61,14
61,25
61,8
63,28
64,35
71,15
71,17
71,18
71,19
71,21
71,23
71,24
71,25
71,34
71,36
74,11
74,29
74,6
74,9
78,17
78,21
80,16
80,23
80,27
80,30
80,5
80,8
84,11
84,19
84,6
84,9
93,0
94,10
94,14
94,16
94,18
94,20
94,23
94,25
94,27
